00000000
11111111
11111111
11111111
11111111
11111111
11111111
00000000
00010000
11101100
00000010
00000000
00000000
00000000
00000000
00000000
00100100
00011011
00000001
00000011
10000000
00110011
00011101
01111000
00001010
01101110
10100101
10100011
01010100
01001111
10011111
00100110
00010001
01010000
01010100
00000000
00000000
00000000
00000001
00000001
00000001
00000001
00000001
00000001
00000001
00000001
00000001
00000001
00000001
00000001
00000001
00000001
00000001
00000001
00000001
00011101
00000000
01110010
01010001
11010000
00011110
00100000
01101110
00101000
01010101
00000000
11111110
00100010
00010001
00000000
00000000
00011110
00000000
00000000
00000000
00010000
00000000
00000000
00000000
00000000
00000000
00000000
00000000
00000000
00000000
00000000
00000000
00000000
00000000
00000000
00000000
00000000
00000000
11111100
00000000
01011010
01011001
01000010
01001111
00100000
00110111
00110010
00110000
01010000
00001010
00100000
00100000
00100000
00000000
00000000
00000000
11111101
00000000
00110010
00111100
00011110
00110010
00001000
00000000
00001010
00100000
00100000
00100000
00100000
00100000
00100000
00000001
00010110
00000010
00000011
00000110
00000001
01000001
10000100
00000001
00011101
00000000
01110010
01010001
11010000
00011110
00100000
01101110
00101000
01010101
00000000
11111110
00100010
00010001
00000000
00000000
00011110
00000000
00000000
00000000
00000000
00000000
00000000
00000000
00000000
00000000
00000000
00000000
00000000
00000000
00000000
00000000
00000000
00000000
00000000
00000000
00000000
00000000
00000000
00000000
00000000
00000000
00000000
00000000
00000000
00000000
00000000
00000000
00000000
00000000
00000000
00000000
00000000
00000000
00000000
00000000
00000000
00000000
00000000
00000000
00000000
00000000
00000000
00000000
00000000
00000000
00000000
00000000
00000000
00000000
00000000
00000000
00000000
00000000
00000000
00000000
00000000
00000000
00000000
00000000
00000000
00000000
00000000
00000000
00000000
00000000
00000000
00000000
00000000
00000000
00000000
00000000
00000000
00000000
00000000
00000000
00000000
00000000
00000000
00000000
00000000
00000000
00000000
00000000
00000000
00000000
00000000
00000000
00000000
00000000
00000000
00000000
00000000
00000000
00000000
00000000
00000000
00000000
00000000
00000000
00000110
